[[-1059.92558566551,"mountains",1,-4439.70234266202,1,1,5000,-4239.702,2119.851],
[-1059.92558566551,"mountains",1,0,1,1,5000,-4239.702,2119.851],
[-422.977675699652,"city",2,-1891.91070279861,1,1,1500,-1691.911,845.955],
[-422.977675699652,"city",2,0,1,1,1500,-1691.911,845.955],
[-401.654264277584,"ground",3,-1163.9702342662,1,1,500,-963.97,160.662],
[-401.654264277584,"ground",3,0,1,1,500,-963.97,160.662],
[1000,"cloud_2",3,477,0.5,0.5,500,405.552,1594.448],
[1150,"cloud_2",3,648,0.5,0.5,500,555.552,1744.448],
[1300,"cloud_2",3,562,0.5,0.5,500,705.552,1894.448],
[1450,"cloud_2",3,561,0.5,0.5,500,855.552,2044.448],
[1600,"cloud_2",3,184,0.5,0.5,500,1005.552,2194.448],
[1750,"cloud_2",3,523,0.5,0.5,500,1155.552,2344.448],
[1900,"cloud_2",3,645,0.5,0.5,500,1305.552,2494.448],
[2050,"cloud_2",3,70,0.5,0.5,500,1455.552,2644.448],
[2200,"cloud_2",3,629,0.5,0.5,500,1605.552,2794.448],
[2350,"cloud_2",3,271,0.5,0.5,500,1755.552,2944.448],
[2500,"cloud_2",3,415,0.5,0.5,500,1905.552,3094.448],
[2650,"cloud_2",3,408,0.5,0.5,500,2055.552,3244.448],
[2800,"cloud_2",3,648,0.5,0.5,500,2205.552,3394.448],
[2950,"cloud_2",3,468,0.5,0.5,500,2355.552,3544.448],
[3100,"cloud_2",3,295,0.5,0.5,500,2505.552,3694.448],
[3250,"cloud_2",3,386,0.5,0.5,500,2655.552,3844.448],
[3400,"cloud_2",3,521,0.5,0.5,500,2805.552,3994.448],
[3550,"cloud_2",3,528,0.5,0.5,500,2955.552,4144.448],
[3700,"cloud_2",3,601,0.5,0.5,500,3105.552,4294.448],
[3850,"cloud_2",3,326,0.5,0.5,500,3255.552,4444.448],
[4000,"cloud_2",3,25,0.5,0.5,500,3405.552,4594.448],
[4150,"cloud_2",3,394,0.5,0.5,500,3555.552,4744.448],
[4300,"cloud_2",3,708,0.5,0.5,500,3705.552,4894.448],
[4450,"cloud_2",3,364,0.5,0.5,500,3855.552,5044.448],
[4600,"cloud_2",3,284,0.5,0.5,500,4005.552,5194.448],
[4750,"cloud_2",3,413,0.5,0.5,500,4155.552,5344.448],
[4900,"cloud_2",3,0,0.5,0.5,500,4305.552,5494.448],
[5050,"cloud_2",3,644,0.5,0.5,500,4455.552,5644.448],
[5200,"cloud_2",3,346,0.5,0.5,500,4605.552,5794.448],
[5350,"cloud_2",3,421,0.5,0.5,500,4755.552,5944.448],
[5500,"cloud_2",3,331,0.5,0.5,500,4905.552,6094.448],
[5650,"cloud_2",3,169,0.5,0.5,500,5055.552,6244.448],
[5800,"cloud_2",3,494,0.5,0.5,500,5205.552,6394.448],
[5950,"cloud_2",3,93,0.5,0.5,500,5355.552,6544.448],
[6100,"cloud_2",3,257,0.5,0.5,500,5505.552,6694.448],
[6250,"cloud_2",3,295,0.5,0.5,500,5655.552,6844.448],
[6400,"cloud_2",3,374,0.5,0.5,500,5805.552,6994.448],
[6550,"cloud_2",3,556,0.5,0.5,500,5955.552,7144.448],
[6700,"cloud_2",3,359,0.5,0.5,500,6105.552,7294.448],
[6850,"cloud_2",3,635,0.5,0.5,500,6255.552,7444.448],
[7000,"cloud_2",3,646,0.5,0.5,500,6405.552,7594.448],
[7150,"cloud_2",3,366,0.5,0.5,500,6555.552,7744.448],
[7300,"cloud_2",3,316,0.5,0.5,500,6705.552,7894.448],
[7450,"cloud_2",3,796,0.5,0.5,500,6855.552,8044.448],
[7600,"cloud_2",3,584,0.5,0.5,500,7005.552,8194.448],
[7750,"cloud_2",3,683,0.5,0.5,500,7155.552,8344.448],
[12000,"saturn",1,400,0.3,1,5000,8346.79,15653.21],
[20000,"big_ship",1,400,0.3,1,5000,16675.367,23324.633],
[28000,"iss",1,400,0.3,1,5000,23166.739,32833.261],
[24350,"belt_1",3,273,0.5,0.5,500,23411.736,25288.264],
[24700,"belt_0",3,164,0.5,0.5,500,23567.335,25832.665],
[25050,"belt_1",3,623,0.5,0.5,500,24111.736,25988.264],
[25400,"belt_0",3,549,0.5,0.5,500,24267.335,26532.665],
[25750,"belt_2",3,209,0.5,0.5,500,24617.335,26882.665],
[26100,"belt_0",3,176,0.5,0.5,500,24967.335,27232.665],
[26450,"belt_1",3,759,0.5,0.5,500,25511.736,27388.264],
[26800,"belt_2",3,586,0.5,0.5,500,25667.335,27932.665],
[27150,"belt_1",3,195,0.5,0.5,500,26211.736,28088.264],
[27500,"belt_0",3,658,0.5,0.5,500,26367.335,28632.665],
[27850,"belt_0",3,28,0.5,0.5,500,26717.335,28982.665],
[28200,"belt_0",3,107,0.5,0.5,500,27067.335,29332.665],
[28550,"belt_1",3,749,0.5,0.5,500,27611.736,29488.264],
[28900,"belt_0",3,631,0.5,0.5,500,27767.335,30032.665],
[29250,"belt_1",3,275,0.5,0.5,500,28311.736,30188.264],
[29600,"belt_0",3,295,0.5,0.5,500,28467.335,30732.665],
[29950,"belt_1",3,535,0.5,0.5,500,29011.736,30888.264],
[30300,"belt_0",3,519,0.5,0.5,500,29167.335,31432.665],
[30650,"belt_0",3,60,0.5,0.5,500,29517.335,31782.665],
[31000,"belt_1",3,180,0.5,0.5,500,30061.736,31938.264],
[31350,"belt_2",3,13,0.5,0.5,500,30217.335,32482.665],
[31700,"belt_0",3,393,0.5,0.5,500,30567.335,32832.665],
[32050,"belt_1",3,388,0.5,0.5,500,31111.736,32988.264],
[32400,"belt_2",3,356,0.5,0.5,500,31267.335,33532.665],
[32750,"belt_0",3,708,0.5,0.5,500,31617.335,33882.665],
[33100,"belt_1",3,334,0.5,0.5,500,32161.736,34038.264],
[33450,"belt_2",3,383,0.5,0.5,500,32317.335,34582.665],
[33800,"belt_0",3,701,0.5,0.5,500,32667.335,34932.665],
[34150,"belt_1",3,785,0.5,0.5,500,33211.736,35088.264],
[34500,"belt_0",3,734,0.5,0.5,500,33367.335,35632.665],
[34850,"belt_0",3,235,0.5,0.5,500,33717.335,35982.665],
[40000,"big_black_hole",1,400,0.3,1,5000,33901.895,46098.105],
[35200,"belt_1",3,473,0.5,0.5,500,34261.736,36138.264],
[35550,"belt_0",3,84,0.5,0.5,500,34417.335,36682.665],
[35900,"belt_0",3,797,0.5,0.5,500,34767.335,37032.665],
[36250,"belt_1",3,726,0.5,0.5,500,35311.736,37188.264],
[36600,"belt_0",3,561,0.5,0.5,500,35467.335,37732.665],
[36950,"belt_2",3,583,0.5,0.5,500,35817.335,38082.665],
[37300,"belt_1",3,336,0.5,0.5,500,36361.736,38238.264],
[37650,"belt_0",3,711,0.5,0.5,500,36517.335,38782.665],
[38000,"belt_2",3,436,0.5,0.5,500,36867.335,39132.665],
[38350,"belt_1",3,90,0.5,0.5,500,37411.736,39288.264],
[38700,"belt_0",3,197,0.5,0.5,500,37567.335,39832.665],
[39050,"belt_2",3,477,0.5,0.5,500,37917.335,40182.665],
[39400,"belt_0",3,390,0.5,0.5,500,38267.335,40532.665],
[39750,"belt_0",3,778,0.5,0.5,500,38617.335,40882.665],
[40100,"belt_0",3,105,0.5,0.5,500,38967.335,41232.665],
[40450,"belt_1",3,334,0.5,0.5,500,39511.736,41388.264],
[40800,"belt_0",3,478,0.5,0.5,500,39667.335,41932.665],
[41150,"belt_0",3,473,0.5,0.5,500,40017.335,42282.665],
[41500,"belt_2",3,601,0.5,0.5,500,40367.335,42632.665],
[41850,"belt_0",3,436,0.5,0.5,500,40717.335,42982.665],
[42200,"belt_0",3,646,0.5,0.5,500,41067.335,43332.665],
[42550,"belt_2",3,293,0.5,0.5,500,41417.335,43682.665],
[42900,"belt_1",3,453,0.5,0.5,500,41961.736,43838.264],
[43250,"belt_0",3,15,0.5,0.5,500,42117.335,44382.665],
[43600,"belt_2",3,141,0.5,0.5,500,42467.335,44732.665],
[43950,"belt_1",3,419,0.5,0.5,500,43011.736,44888.264],
[44300,"belt_2",3,22,0.5,0.5,500,43167.335,45432.665],
[44650,"belt_0",3,426,0.5,0.5,500,43517.335,45782.665],
[45000,"belt_1",3,232,0.5,0.5,500,44061.736,45938.264],
[45350,"belt_0",3,480,0.5,0.5,500,44217.335,46482.665],
[45700,"belt_0",3,419,0.5,0.5,500,44567.335,46832.665],
[46050,"belt_1",3,50,0.5,0.5,500,45111.736,46988.264],
[46400,"belt_2",3,548,0.5,0.5,500,45267.335,47532.665],
[46750,"belt_0",3,154,0.5,0.5,500,45617.335,47882.665],
[50000,"big_planet",1,400,0.3,1,5000,46113.606,53886.394],
[47100,"belt_1",3,685,0.5,0.5,500,46161.736,48038.264],
[47450,"belt_2",3,22,0.5,0.5,500,46317.335,48582.665],
[47800,"belt_1",3,204,0.5,0.5,500,46861.736,48738.264],
[48150,"belt_2",3,755,0.5,0.5,500,47017.335,49282.665],
[48500,"belt_1",3,601,0.5,0.5,500,47561.736,49438.264],
[48850,"belt_0",3,717,0.5,0.5,500,47717.335,49982.665],
[49200,"belt_0",3,716,0.5,0.5,500,48067.335,50332.665],
[999999,"ground",1,333,1,1,5000,997525.84,1002472.16]]
